Tabela de valores para implementação com 625 subintervalos
Tempo de execução = 0.014695000000 seg.

x;y;f(x,y);Vx;Vy
0.020000000000;0.020000000000;0.006669959008;0.010051805297;0.009948194703
0.020000000000;0.060000000000;0.005874103432;0.004001397112;0.015894992294
0.020000000000;0.100000000000;0.005398359625;0.001899843964;0.009993751218
0.020000000000;0.140000000000;0.005074603335;0.001045309096;0.007048598158
0.020000000000;0.180000000000;0.004834471772;0.000634190563;0.005369098499
0.020000000000;0.220000000000;0.004645075455;0.000398992845;0.004335915091
0.020000000000;0.260000000000;0.004487598565;0.000239763247;0.003697158999
0.020000000000;0.300000000000;0.004349302735;0.000116210467;0.003341185284
0.020000000000;0.340000000000;0.004220303742;0.000013401851;0.003211572966
0.020000000000;0.380000000000;0.004092376898;-0.000070666395;0.004387120730
0.020000000000;0.420000000000;0.003869334084;-0.000086115470;0.005097008864
0.020000000000;0.460000000000;0.003684616189;-0.000099465287;0.005307508779
0.020000000000;0.500000000000;0.003444733382;-0.000070555225;0.005605979121
0.020000000000;0.540000000000;0.003236137859;-0.000023261397;0.005684800905
0.020000000000;0.580000000000;0.002989949309;0.000050414231;0.005771129532
0.020000000000;0.620000000000;0.002774447496;0.000145853816;0.005270615775
0.020000000000;0.660000000000;0.002568300047;0.000241340806;0.004579013945
0.020000000000;0.700000000000;0.002408126381;0.000344404548;0.003840095692
0.020000000000;0.740000000000;0.002261092392;0.000450599040;0.003263009078
0.020000000000;0.780000000000;0.002147085654;0.000562830030;0.001792270062
0.020000000000;0.820000000000;0.002117710787;0.000664549843;0.001616313254
0.020000000000;0.860000000000;0.002017780594;0.000764080355;0.006689055527
0.020000000000;0.900000000000;0.001582586345;0.000763490689;0.006251761267
0.020000000000;0.940000000000;0.001517639693;0.000760451115;0.001565306453
0.020000000000;0.980000000000;0.001457361828;0.000753473304;0.000753473304
0.060000000000;0.020000000000;0.005865814585;0.016205824076;0.003897786518
0.060000000000;0.060000000000;0.005553991663;0.008055336298;0.007743030962
0.060000000000;0.100000000000;0.005246372108;0.004452513614;0.007037663202
0.060000000000;0.140000000000;0.004990978607;0.002692510952;0.005782944757
0.060000000000;0.180000000000;0.004783736527;0.001726650875;0.004722782248
0.060000000000;0.220000000000;0.004613156027;0.001121010413;0.003941487775
0.060000000000;0.260000000000;0.004468417505;0.000683612925;0.003414376621
0.060000000000;0.300000000000;0.004340005898;0.000327887238;0.003114823888
0.060000000000;0.340000000000;0.004219231594;0.000021465184;0.003024696103
0.060000000000;0.380000000000;0.004098030209;-0.000235249957;0.004287603409
0.060000000000;0.420000000000;0.003876223321;-0.000281724952;0.005068209972
0.060000000000;0.460000000000;0.003692573412;-0.000324524567;0.005323069024
0.060000000000;0.500000000000;0.003450377800;-0.000238243798;0.005682183012
0.060000000000;0.540000000000;0.003237998771;-0.000093496496;0.005805770360
0.060000000000;0.580000000000;0.002985916171;0.000131292298;0.005940244745
0.060000000000;0.620000000000;0.002762779191;0.000424528469;0.005461542350
0.060000000000;0.660000000000;0.002548992783;0.000715491595;0.004777564676
0.060000000000;0.700000000000;0.002380574017;0.001028427491;0.004049353926
0.060000000000;0.740000000000;0.002225044469;0.001350441804;0.003481434561
0.060000000000;0.780000000000;0.002102059252;0.001691122883;0.002006220864
0.060000000000;0.820000000000;0.002064546799;0.002000848954;0.001817563579
0.060000000000;0.860000000000;0.001956654166;0.002303206868;0.006787996374
0.060000000000;0.900000000000;0.001521507090;0.002291221397;0.006248132027
0.060000000000;0.940000000000;0.001456803604;0.002277335528;0.001555289067
0.060000000000;0.980000000000;0.001397083964;0.002253442100;0.000746495493
0.100000000000;0.020000000000;0.005373493082;0.010510330634;0.001797706925
0.100000000000;0.060000000000;0.005229676528;0.007561610388;0.004141681833
0.100000000000;0.100000000000;0.005042158536;0.005162363243;0.004630925872
0.100000000000;0.140000000000;0.004859202459;0.003545570221;0.004322735419
0.100000000000;0.180000000000;0.004696339702;0.002458891573;0.003797597961
0.100000000000;0.220000000000;0.004555394622;0.001674785009;0.003292877140
0.100000000000;0.260000000000;0.004432909531;0.001045790800;0.002904035823
0.100000000000;0.300000000000;0.004323071756;0.000490260375;0.002679037543
0.100000000000;0.340000000000;0.004218586528;-0.000020178396;0.002648435771
0.100000000000;0.380000000000;0.004111196894;-0.000468174188;0.004083930595
0.100000000000;0.420000000000;0.003891872080;-0.000547656883;0.005007734254
0.100000000000;0.460000000000;0.003710578154;-0.000629619640;0.005350989932
0.100000000000;0.500000000000;0.003463792885;-0.000488560644;0.005837007192
0.100000000000;0.540000000000;0.003243617579;-0.000237379489;0.006054337001
0.100000000000;0.580000000000;0.002979445925;0.000150459522;0.006289154496
0.100000000000;0.620000000000;0.002740485219;0.000663864698;0.005854815073
0.100000000000;0.660000000000;0.002511060720;0.001164651236;0.005182912967
0.100000000000;0.700000000000;0.002325852181;0.001698420477;0.004475045900
0.100000000000;0.740000000000;0.002153057047;0.002245962678;0.003925704470
0.100000000000;0.780000000000;0.002011795824;0.002826526374;0.002442677212
0.100000000000;0.820000000000;0.001957642871;0.003358051453;0.002228397239
0.100000000000;0.860000000000;0.001833524045;0.003874832263;0.006979427970
0.100000000000;0.900000000000;0.001399288633;0.003819063914;0.006225889928
0.100000000000;0.940000000000;0.001335452851;0.003779413045;0.001527527155
0.100000000000;0.980000000000;0.001277086460;0.003729517468;0.000729579875
0.140000000000;0.020000000000;0.005024988134;0.007763557436;0.000949066273
0.140000000000;0.060000000000;0.004949062832;0.006518411379;0.002395063572
0.140000000000;0.100000000000;0.004833383048;0.005089758750;0.003021623035
0.140000000000;0.140000000000;0.004707332989;0.003868515115;0.003079473087
0.140000000000;0.180000000000;0.004587025201;0.002888560189;0.002851997036
0.140000000000;0.220000000000;0.004479173227;0.002073447247;0.002528387002
0.140000000000;0.260000000000;0.004384754241;0.001334504893;0.002229851988
0.140000000000;0.300000000000;0.004300785068;0.000607541858;0.002048854691
0.140000000000;0.340000000000;0.004220845866;-0.000124264956;0.002066261541
0.140000000000;0.380000000000;0.004135484144;-0.000811729586;0.003760124923
0.140000000000;0.420000000000;0.003920035872;-0.000932530779;0.004906764519
0.140000000000;0.460000000000;0.003742942983;-0.001074390627;0.005382165263
0.140000000000;0.500000000000;0.003489462651;-0.000887466572;0.006074423163
0.140000000000;0.540000000000;0.003256989130;-0.000513532517;0.006444790526
0.140000000000;0.580000000000;0.002973879409;0.000059720494;0.006841488931
0.140000000000;0.620000000000;0.002709670015;0.000836856925;0.006475734065
0.140000000000;0.660000000000;0.002455820684;0.001574901862;0.005812120455
0.140000000000;0.700000000000;0.002244700379;0.002346632361;0.005130665368
0.140000000000;0.740000000000;0.002045367454;0.003133397374;0.004609540458
0.140000000000;0.780000000000;0.001875937142;0.003970607145;0.003118309638
0.140000000000;0.820000000000;0.001795902683;0.004746924612;0.002865869468
0.140000000000;0.860000000000;0.001646667585;0.005498274215;0.007249008835
0.140000000000;0.900000000000;0.001215981976;0.005339266515;0.006152712809
0.140000000000;0.940000000000;0.001154450560;0.005247211092;0.001465742621
0.140000000000;0.980000000000;0.001098722567;0.005155697259;0.000696599915
0.180000000000;0.020000000000;0.004752408487;0.006261930297;0.000552560867
0.180000000000;0.060000000000;0.004708203618;0.005658718940;0.001467883146
0.180000000000;0.100000000000;0.004634977836;0.004809745263;0.001981029609
0.180000000000;0.140000000000;0.004549721249;0.003950171302;0.002121536858
0.180000000000;0.180000000000;0.004465254887;0.003153386819;0.002002530093
0.180000000000;0.220000000000;0.004389518842;0.002395938899;0.001738821845
0.180000000000;0.260000000000;0.004326149140;0.001611239667;0.001438130434
0.180000000000;0.300000000000;0.004274468407;0.000729667120;0.001220267694
0.180000000000;0.340000000000;0.004228527724;-0.000272693699;0.001229164326
0.180000000000;0.380000000000;0.004176135261;-0.001307439754;0.003275664771
0.180000000000;0.420000000000;0.003966474542;-0.001492106291;0.004745073214
0.180000000000;0.460000000000;0.003796529404;-0.001730940609;0.005396054140
0.180000000000;0.500000000000;0.003534790211;-0.001522085698;0.006397865302
0.180000000000;0.540000000000;0.003284700180;-0.000999782606;0.007001524066
0.180000000000;0.580000000000;0.002974668286;-0.000203718536;0.007639543939
0.180000000000;0.620000000000;0.002673536665;0.000915009940;0.007369996441
0.180000000000;0.660000000000;0.002385068571;0.001939562097;0.006692688403
0.180000000000;0.700000000000;0.002138121593;0.002969912547;0.006033541413
0.180000000000;0.740000000000;0.001902385258;0.004007596174;0.005549679254
0.180000000000;0.780000000000;0.001694147252;0.005118100769;0.004056204450
0.180000000000;0.820000000000;0.001577888902;0.006170115422;0.003756064309
0.180000000000;0.860000000000;0.001393662108;0.007185064996;0.007571769873
0.180000000000;0.900000000000;0.000972147312;0.006829766952;0.005974826805
0.180000000000;0.940000000000;0.000915675963;0.006645501421;0.001343957899
0.180000000000;0.980000000000;0.000864630680;0.006490363216;0.000638066042
0.220000000000;0.020000000000;0.004524033710;0.005363514515;0.000345854916
0.220000000000;0.060000000000;0.004496365317;0.005044788821;0.000942878537
0.220000000000;0.100000000000;0.004448603427;0.004540332059;0.001313075396
0.220000000000;0.140000000000;0.004391319285;0.003969038009;0.001423114643
0.220000000000;0.180000000000;0.004334754256;0.003378876887;0.001297764633
0.220000000000;0.220000000000;0.004287498115;0.002745681862;0.000986239850
0.220000000000;0.260000000000;0.004255855068;0.001984847757;0.000563580209
0.220000000000;0.300000000000;0.004242411698;0.000972580654;0.000164921325
0.220000000000;0.340000000000;0.004242661362;-0.000388737207;0.000029154666
0.220000000000;0.380000000000;0.004240079325;-0.002001885717;0.002540712331
0.220000000000;0.420000000000;0.004039404375;-0.002305961982;0.004483263665
0.220000000000;0.460000000000;0.003881418231;-0.002697317482;0.005352185855
0.220000000000;0.500000000000;0.003611229507;-0.002521733667;0.006805581166
0.220000000000;0.540000000000;0.003336971738;-0.001815092386;0.007763157688
0.220000000000;0.580000000000;0.002990176892;-0.000736723710;0.008756281477
0.220000000000;0.620000000000;0.002636469220;0.000864413698;0.008619014698
0.220000000000;0.660000000000;0.002300655716;0.002270634991;0.007867023062
0.220000000000;0.700000000000;0.002007107375;0.003577730804;0.007198699445
0.220000000000;0.740000000000;0.001724759760;0.004861448082;0.006757728681
0.220000000000;0.780000000000;0.001466489081;0.006249562393;0.005280828886
0.220000000000;0.820000000000;0.001302293449;0.007610873488;0.004932833695
0.220000000000;0.860000000000;0.001071862385;0.008924820341;0.007908660365
0.220000000000;0.900000000000;0.000669600620;0.008243173805;0.005613149234
0.220000000000;0.940000000000;0.000622810446;0.007914912974;0.001126338884
0.220000000000;0.980000000000;0.000579493509;0.007669890968;0.000541461710
0.260000000000;0.020000000000;0.004323327326;0.004783824425;0.000233835174
0.260000000000;0.060000000000;0.004304620512;0.004616589772;0.000644700691
0.260000000000;0.100000000000;0.004271751271;0.004337756143;0.000905278797
0.260000000000;0.140000000000;0.004232198209;0.004006771789;0.000960081686
0.260000000000;0.180000000000;0.004194944736;0.003647400857;0.000779173945
0.260000000000;0.220000000000;0.004169864293;0.003223063904;0.000344792715
0.260000000000;0.260000000000;0.004167361319;0.002609888846;-0.000334970774
0.260000000000;0.300000000000;0.004196661955;0.001564544945;-0.001153317270
0.260000000000;0.340000000000;0.004259626701;-0.000252950066;-0.001745302044
0.260000000000;0.380000000000;0.004336286118;-0.002952666740;0.001358439996
0.260000000000;0.420000000000;0.004150951501;-0.003531714779;0.004049641448
0.260000000000;0.460000000000;0.004012314803;-0.004133563126;0.005180282455
0.260000000000;0.500000000000;0.003736528905;-0.004104158235;0.007280090398
0.260000000000;0.540000000000;0.003429907571;-0.003173155281;0.008786534023
0.260000000000;0.580000000000;0.003033606183;-0.001727878487;0.010319050022
0.260000000000;0.620000000000;0.002604383569;0.000623573576;0.010377355143
0.260000000000;0.660000000000;0.002203417771;0.002625681738;0.009406005509
0.260000000000;0.700000000000;0.001851903128;0.004211400346;0.008624354503
0.260000000000;0.740000000000;0.001513469411;0.005685048648;0.008221510843
0.260000000000;0.780000000000;0.001194182261;0.007318664146;0.006805629856
0.260000000000;0.820000000000;0.000969019023;0.009011430854;0.006431322257
0.260000000000;0.860000000000;0.000679676480;0.010654997984;0.008204070190
0.260000000000;0.900000000000;0.000312693407;0.009491108944;0.004964919439
0.260000000000;0.940000000000;0.000282482925;0.008963525703;0.000770675062
0.260000000000;0.980000000000;0.000251039402;0.008604396713;0.000393044035
0.300000000000;0.020000000000;0.004141327756;0.004371368989;0.000178620263
0.300000000000;0.060000000000;0.004127038135;0.004299989700;0.000496810255
0.300000000000;0.100000000000;0.004101582936;0.004187330950;0.000703257413
0.300000000000;0.140000000000;0.004070777542;0.004072892148;0.000732759358
0.300000000000;0.180000000000;0.004042962187;0.003980890850;0.000514056747
0.300000000000;0.220000000000;0.004029653002;0.003889284050;-0.000051272161
0.300000000000;0.260000000000;0.004047063960;0.003667098776;-0.001094938750
0.300000000000;0.300000000000;0.004117248102;0.002928660347;-0.002697917586
0.300000000000;0.340000000000;0.004262897367;0.000765058739;-0.004488057019
0.300000000000;0.380000000000;0.004476292664;-0.004203086129;-0.000738052382
0.300000000000;0.420000000000;0.004321941558;-0.005597001799;0.003302367278
0.300000000000;0.460000000000;0.004212103282;-0.006391796139;0.004779742399
0.300000000000;0.500000000000;0.003939562166;-0.006708473699;0.007765989012
0.300000000000;0.540000000000;0.003590824161;-0.005537553156;0.010139437437
0.300000000000;0.580000000000;0.003128407171;-0.003656798287;0.012553010334
0.300000000000;0.620000000000;0.002586583334;-0.000011947255;0.012972574923
0.300000000000;0.660000000000;0.002090601177;0.003167414941;0.011454849832
0.300000000000;0.700000000000;0.001670195347;0.004984902761;0.010258066356
0.300000000000;0.740000000000;0.001269955869;0.006461719505;0.009864992481
0.300000000000;0.780000000000;0.000880995949;0.008232981801;0.008607211092
0.300000000000;0.820000000000;0.000581378981;0.010238140197;0.008269167533
0.300000000000;0.860000000000;0.000219462546;0.012207795397;0.008388338456
0.300000000000;0.900000000000;-0.000089688095;0.010426863959;0.003921676953
0.300000000000;0.940000000000;-0.000094271610;0.009662846006;0.000239626653
0.300000000000;0.980000000000;-0.000108858228;0.009179773468;0.000182332720
0.340000000000;0.020000000000;0.003973617807;0.004030292841;0.000162455885
0.340000000000;0.060000000000;0.003960621336;0.004024669089;0.000460662652
0.340000000000;0.100000000000;0.003936764795;0.004038685810;0.000678181244
0.340000000000;0.140000000000;0.003906366837;0.004116575003;0.000753641585
0.340000000000;0.180000000000;0.003876473468;0.004313986344;0.000595565847
0.340000000000;0.220000000000;0.003858721569;0.004686082671;0.000031000642
0.340000000000;0.260000000000;0.003873993417;0.005240561863;-0.001295594477
0.340000000000;0.300000000000;0.003962369127;0.005717938926;-0.004055357307
0.340000000000;0.340000000000;0.004198422001;0.004587610805;-0.008877048520
0.340000000000;0.380000000000;0.004672533009;-0.005525548726;-0.005003620542
0.340000000000;0.420000000000;0.004598711645;-0.009911944085;0.001860931439
0.340000000000;0.460000000000;0.004523658494;-0.010568342582;0.004068810554
0.340000000000;0.500000000000;0.004273206800;-0.011516771250;0.008134333381
0.340000000000;0.540000000000;0.003872911823;-0.010163331553;0.011838209436
0.340000000000;0.580000000000;0.003326150046;-0.008065594410;0.015844655923
0.340000000000;0.620000000000;0.002605339349;-0.001966114233;0.017201568370
0.340000000000;0.660000000000;0.001950024576;0.004274827313;0.014402855525
0.340000000000;0.700000000000;0.001453110907;0.006141104718;0.011918659067
0.340000000000;0.740000000000;0.000996531851;0.007147255223;0.011469589883
0.340000000000;0.780000000000;0.000535543717;0.008831420648;0.010582050548
0.340000000000;0.820000000000;0.000149967807;0.011041202053;0.010406135852
0.340000000000;0.860000000000;-0.000296947151;0.013245273426;0.008392793952
0.340000000000;0.900000000000;-0.000521455709;0.010839368170;0.002419970049
0.340000000000;0.940000000000;-0.000490544755;0.009857354754;-0.000476415429
0.340000000000;0.980000000000;-0.000483342475;0.009272077685;-0.000090028503
0.380000000000;0.020000000000;0.003818904329;0.003694840445;0.000172996511
0.380000000000;0.060000000000;0.003805064608;0.003729708005;0.000505203224
0.380000000000;0.100000000000;0.003778488071;0.003826168200;0.000795163327
0.380000000000;0.140000000000;0.003741451542;0.004040735709;0.001008059891
0.380000000000;0.180000000000;0.003697843280;0.004472396851;0.001083564416
0.380000000000;0.220000000000;0.003654766389;0.005300498428;0.000875303358
0.380000000000;0.260000000000;0.003627819011;0.006891127079;-0.000063082495
0.380000000000;0.300000000000;0.003659812988;0.010114922691;-0.003350868645
0.380000000000;0.340000000000;0.003895888503;0.017392994280;-0.015731544672
0.380000000000;0.380000000000;0.004918336562;0.036463585520;-0.015237607272
0.380000000000;0.420000000000;0.005114897084;0.007216003859;-0.001740426577
0.380000000000;0.460000000000;0.005057570688;0.006992411684;0.003174915234
0.380000000000;0.500000000000;0.004860903866;0.005389735544;0.008171000041
0.380000000000;0.540000000000;0.004403890685;0.004720471318;0.013590614277
0.380000000000;0.580000000000;0.003773654724;0.003507164465;0.020750227654
0.380000000000;0.620000000000;0.002743872473;0.002875419175;0.025312996646
0.380000000000;0.660000000000;0.001748614992;0.006598654557;0.019562068783
0.380000000000;0.700000000000;0.001178906970;0.007903828791;0.013130494265
0.380000000000;0.740000000000;0.000698175451;0.007591694455;0.012555308411
0.380000000000;0.780000000000;0.000174482297;0.008875142915;0.012501157922
0.380000000000;0.820000000000;-0.000301917183;0.011050072637;0.012683020311
0.380000000000;0.860000000000;-0.000840159328;0.013253262051;0.008186504572
0.380000000000;0.900000000000;-0.000956837549;0.010487781949;0.000533758281
0.380000000000;0.940000000000;-0.000882859990;0.009400040674;-0.001327663832
0.380000000000;0.980000000000;-0.000850624442;0.008779104832;-0.000402944349
0.420000000000;0.020000000000;0.003678030572;0.003324520488;0.000197323445
0.420000000000;0.060000000000;0.003662244696;0.003373154285;0.000591990407
0.420000000000;0.100000000000;0.003630671339;0.003495543276;0.000989208948
0.420000000000;0.140000000000;0.003583107980;0.003747802781;0.001399870236
0.420000000000;0.180000000000;0.003518681720;0.004234366923;0.001855328567
0.420000000000;0.220000000000;0.003434681695;0.005152387110;0.002449730870
0.420000000000;0.260000000000;0.003322703251;0.006908525333;0.003518829786
0.420000000000;0.300000000000;0.003153175312;0.010457630478;0.006446509894
0.420000000000;0.340000000000;0.002806982459;0.018405858105;0.017471614310
0.420000000000;0.380000000000;0.001755446167;0.038987271691;0.012814813347
0.420000000000;0.420000000000;0.001834499839;0.013032185877;-0.000187278954
0.420000000000;0.460000000000;0.001777655301;0.013315225866;0.000075559250
0.420000000000;0.500000000000;0.001804276140;0.012328197263;0.000249035792
0.420000000000;0.540000000000;0.001678040984;0.011064115754;0.000537137304
0.420000000000;0.580000000000;0.001589421218;0.008908334158;0.000099671207
0.420000000000;0.620000000000;0.001638172501;0.005055073908;0.000778289666
0.420000000000;0.660000000000;0.001422132211;0.009152381929;0.008416762966
0.420000000000;0.700000000000;0.000820804604;0.008292790230;0.012911698965
0.420000000000;0.740000000000;0.000389196294;0.007370648259;0.012440904007
0.420000000000;0.780000000000;-0.000174467716;0.008102549253;0.014040428730
0.420000000000;0.820000000000;-0.000734038004;0.009904908142;0.014784254989
0.420000000000;0.860000000000;-0.001357208116;0.011755365844;0.007830503263
0.420000000000;0.900000000000;-0.001360478265;0.009208968679;-0.001433251328
0.420000000000;0.940000000000;-0.001242548009;0.008217613720;-0.002185092545
0.420000000000;0.980000000000;-0.001185670862;0.007665196138;-0.000710964345
0.460000000000;0.020000000000;0.003552942690;0.002905566735;0.000221630308
0.460000000000;0.060000000000;0.003535212265;0.002942845373;0.000676226012
0.460000000000;0.100000000000;0.003498844609;0.003035047836;0.001169811822
0.460000000000;0.140000000000;0.003441627319;0.003220565217;0.001746883538
0.460000000000;0.180000000000;0.003359093926;0.003564880950;0.002488148745
0.460000000000;0.220000000000;0.003242575420;0.004166157757;0.003549461768
0.460000000000;0.260000000000;0.003075136984;0.005132956665;0.005242160873
0.460000000000;0.300000000000;0.002823202550;0.006401215783;0.008146464127
0.460000000000;0.340000000000;0.002423419854;0.006785535970;0.012798096542
0.460000000000;0.380000000000;0.001799354827;-0.000475732894;0.006594148664
0.460000000000;0.420000000000;0.002088954230;-0.000652209710;-0.000779505106
0.460000000000;0.460000000000;0.001918090600;-0.000240445315;0.000303943630
0.460000000000;0.500000000000;0.001967376778;-0.000270959934;0.000306532707
0.460000000000;0.540000000000;0.001795477517;-0.000070102651;0.000752250119
0.460000000000;0.580000000000;0.001666476731;0.000133891468;0.000841253234
0.460000000000;0.620000000000;0.001458976224;0.001081619000;0.002362717042
0.460000000000;0.660000000000;0.001016424438;0.008580849824;0.008105724351
0.460000000000;0.700000000000;0.000515483752;0.006554944166;0.011348760595
0.460000000000;0.740000000000;0.000108523590;0.006155392521;0.012365067434
0.460000000000;0.780000000000;-0.000473721643;0.006437958533;0.015035417805
0.460000000000;0.820000000000;-0.001094309834;0.007599018705;0.016335836901
0.460000000000;0.860000000000;-0.001780588595;0.008793510833;0.007490565110
0.460000000000;0.900000000000;-0.001693555043;0.007061611113;-0.003003993843
0.460000000000;0.940000000000;-0.001540269088;0.006375964363;-0.002871436373
0.460000000000;0.980000000000;-0.001463840133;0.005998869862;-0.000955361931
0.500000000000;0.020000000000;0.003445585233;0.002449334344;0.000234602083
0.500000000000;0.060000000000;0.003426817066;0.002457612635;0.000721471509
0.500000000000;0.100000000000;0.003387867512;0.002481237480;0.001266928792
0.500000000000;0.140000000000;0.003325462763;0.002534529299;0.001929703350
0.500000000000;0.180000000000;0.003233491244;0.002638433905;0.002800921107
0.500000000000;0.220000000000;0.003101389074;0.002814406301;0.004017806584
0.500000000000;0.260000000000;0.002912066717;0.003055927788;0.005753887812
0.500000000000;0.300000000000;0.002641078049;0.003228740018;0.008099089199
0.500000000000;0.340000000000;0.002264139581;0.002810802885;0.010594665633
0.500000000000;0.380000000000;0.001793504799;0.000676622444;0.004625105932
0.500000000000;0.420000000000;0.002095383723;0.000145660263;-0.000703953111
0.500000000000;0.460000000000;0.001873833427;0.000297396340;0.000456809025
0.500000000000;0.500000000000;0.001912660113;0.000361243298;0.000419378456
0.500000000000;0.540000000000;0.001706082044;0.000478366189;0.000941988706
0.500000000000;0.580000000000;0.001535864631;0.000625304548;0.001251392858
0.500000000000;0.620000000000;0.001205524901;0.000994558300;0.002783602139
0.500000000000;0.660000000000;0.000735664225;0.005261821649;0.007448442249
0.500000000000;0.700000000000;0.000296409071;0.004239475562;0.010486241662
0.500000000000;0.740000000000;-0.000103235107;0.004147024275;0.012323918373
0.500000000000;0.780000000000;-0.000689504399;0.004108712758;0.015484054914
0.500000000000;0.820000000000;-0.001341959501;0.004515012761;0.017139807290
0.500000000000;0.860000000000;-0.002060688982;0.004914443806;0.007293095671
0.500000000000;0.900000000000;-0.001925407154;0.004327218364;-0.003850797799
0.500000000000;0.940000000000;-0.001752625158;0.004083345526;-0.003247833796
0.500000000000;0.980000000000;-0.001665580451;0.003955449084;-0.001088058847
0.540000000000;0.020000000000;0.003356995942;0.001984823661;0.000229908599
0.540000000000;0.060000000000;0.003338603254;0.001957033344;0.000708129148
0.540000000000;0.100000000000;0.003300345611;0.001897760150;0.001246728486
0.540000000000;0.140000000000;0.003238864976;0.001797880594;0.001904079963
0.540000000000;0.180000000000;0.003148019214;0.001639919068;0.002768025747
0.540000000000;0.220000000000;0.003017422916;0.001397105757;0.003966955651
0.540000000000;0.260000000000;0.002830662761;0.001047608165;0.005656494590
0.540000000000;0.300000000000;0.002564903349;0.000647013618;0.007901339225
0.540000000000;0.340000000000;0.002198555623;0.000552313110;0.010245978967
0.540000000000;0.380000000000;0.001745225031;0.001696104406;0.004477194512
0.540000000000;0.420000000000;0.002030690125;0.000481131905;-0.000610542739
0.540000000000;0.460000000000;0.001799132064;0.000430562431;0.000519526666
0.540000000000;0.500000000000;0.001822879459;0.000505778343;0.000487502556
0.540000000000;0.540000000000;0.001604131042;0.000498296716;0.001016311369
0.540000000000;0.580000000000;0.001416354911;0.000516497983;0.001357445345
0.540000000000;0.620000000000;0.001061152904;0.000422236508;0.002828314178
0.540000000000;0.660000000000;0.000595478706;0.001779764858;0.007179721648
0.540000000000;0.700000000000;0.000176325707;0.001733855184;0.010233963221
0.540000000000;0.740000000000;-0.000223238352;0.001803743312;0.012234304630
0.540000000000;0.780000000000;-0.000802418664;0.001514210380;0.015403406291
0.540000000000;0.820000000000;-0.001455510855;0.001138316864;0.017141567949
0.540000000000;0.860000000000;-0.002173744100;0.000725939103;0.007302770712
0.540000000000;0.900000000000;-0.002039732512;0.001384021644;-0.003835092124
0.540000000000;0.940000000000;-0.001866936730;0.001634420109;-0.003243205653
0.540000000000;0.980000000000;-0.001780276060;0.001784131864;-0.001083258373
0.580000000000;0.020000000000;0.003286799340;0.001548103295;0.000206811766
0.580000000000;0.060000000000;0.003270254399;0.001487936931;0.000634407997
0.580000000000;0.100000000000;0.003236046700;0.001354889180;0.001107776042
0.580000000000;0.140000000000;0.003181632315;0.001119313861;0.001671862269
0.580000000000;0.180000000000;0.003102297719;0.000726256018;0.002400146269
0.580000000000;0.220000000000;0.002989620614;0.000086489491;0.003425495681
0.580000000000;0.260000000000;0.002828258064;-0.000909614501;0.005003795673
0.580000000000;0.300000000000;0.002589316960;-0.002240606821;0.007603794143
0.580000000000;0.340000000000;0.002219954533;-0.002944668471;0.011643756420
0.580000000000;0.380000000000;0.001657816446;0.002688536135;0.006005415601
0.580000000000;0.420000000000;0.001902930961;0.001163493110;-0.000518004211
0.580000000000;0.460000000000;0.001701608454;0.000847374262;0.000481455463
0.580000000000;0.500000000000;0.001710348776;0.000956991789;0.000487112741
0.580000000000;0.540000000000;0.001506763358;0.000807198875;0.000952708346
0.580000000000;0.580000000000;0.001329265438;0.000692942480;0.001175332649
0.580000000000;0.620000000000;0.001036630298;0.000083873600;0.002578868104
0.580000000000;0.660000000000;0.000593283037;-0.001562035423;0.007292060014
0.580000000000;0.700000000000;0.000157700656;-0.000702916775;0.010510220115
0.580000000000;0.740000000000;-0.000247534572;-0.000417281838;0.012104273569
0.580000000000;0.780000000000;-0.000810641229;-0.000906775913;0.014818628466
0.580000000000;0.820000000000;-0.001433024850;-0.002037655873;0.016351536013
0.580000000000;0.860000000000;-0.002118764110;-0.003198360225;0.007538800452
0.580000000000;0.900000000000;-0.002036128886;-0.001366627495;-0.002942316793
0.580000000000;0.940000000000;-0.001883378767;-0.000646786146;-0.002847723576
0.580000000000;0.980000000000;-0.001808311000;-0.000237473600;-0.000938347091
0.620000000000;0.020000000000;0.003233147679;0.001171549294;0.000169742235
0.620000000000;0.060000000000;0.003219568300;0.001091721905;0.000514915032
0.620000000000;0.100000000000;0.003191954476;0.000914545778;0.000878105415
0.620000000000;0.140000000000;0.003149319867;0.000598229651;0.001275446801
0.620000000000;0.180000000000;0.003089918732;0.000059301650;0.001735201378
0.620000000000;0.220000000000;0.003010503756;-0.000867789308;0.002331085132
0.620000000000;0.260000000000;0.002903431922;-0.002531948839;0.003329398278
0.620000000000;0.300000000000;0.002744151894;-0.005755157930;0.005866285255
0.620000000000;0.340000000000;0.002434129101;-0.012778916306;0.015175121923
0.620000000000;0.380000000000;0.001530142140;-0.030701012600;0.011153375590
0.620000000000;0.420000000000;0.001565292881;-0.009799503425;0.000116314885
0.620000000000;0.460000000000;0.001460182359;-0.009721937714;0.000313025344
0.620000000000;0.500000000000;0.001440082743;-0.008535571909;0.000447327169
0.620000000000;0.540000000000;0.001281251492;-0.007232351315;0.000752262060
0.620000000000;0.580000000000;0.001139177919;-0.005331424286;0.000634120070
0.620000000000;0.620000000000;0.001027603464;-0.002561467789;0.001558777490
0.620000000000;0.660000000000;0.000720441540;-0.003565594805;0.007378372489
0.620000000000;0.700000000000;0.000232559049;-0.002692077736;0.011378716807
0.620000000000;0.740000000000;-0.000189855805;-0.002080361250;0.012030445492
0.620000000000;0.780000000000;-0.000729876591;-0.002757206274;0.013783032257
0.620000000000;0.820000000000;-0.001292498386;-0.004505236337;0.014849983637
0.620000000000;0.860000000000;-0.001917875282;-0.006234129947;0.007973799090
0.620000000000;0.900000000000;-0.001930402313;-0.003531924170;-0.001283518045
0.620000000000;0.940000000000;-0.001815193838;-0.002455193440;-0.002114051758
0.620000000000;0.980000000000;-0.001761278172;-0.001849766517;-0.000673945826
0.660000000000;0.020000000000;0.003193075396;0.000874822680;0.000126984378
0.660000000000;0.060000000000;0.003182916646;0.000792855619;0.000377404481
0.660000000000;0.100000000000;0.003162883038;0.000613342376;0.000614283787
0.660000000000;0.140000000000;0.003133773943;0.000299757314;0.000816618141
0.660000000000;0.180000000000;0.003097553587;-0.000219489760;0.000934127310
0.660000000000;0.220000000000;0.003059043758;-0.001084999534;0.000834245193
0.660000000000;0.260000000000;0.003030813971;-0.002595233617;0.000116427051
0.660000000000;0.300000000000;0.003049729594;-0.005469159753;-0.002643173324
0.660000000000;0.340000000000;0.003242267837;-0.011714826225;-0.013302098250
0.660000000000;0.380000000000;0.004113897454;-0.027773875833;-0.010968608925
0.660000000000;0.420000000000;0.004119756551;-0.003898220914;0.002194929834
0.660000000000;0.460000000000;0.003938303068;-0.003865496736;0.005862211628
0.660000000000;0.500000000000;0.003650779621;-0.002459811777;0.009824751758
0.660000000000;0.540000000000;0.003152322927;-0.001962493786;0.013975092026
0.660000000000;0.580000000000;0.002532772259;-0.001086229379;0.018806888666
0.660000000000;0.620000000000;0.001647771834;-0.000876048302;0.020678020470
0.660000000000;0.660000000000;0.000878530621;-0.002807085369;0.015933811983
0.660000000000;0.700000000000;0.000373066875;-0.003054262270;0.011995453671
0.660000000000;0.740000000000;-0.000081105672;-0.002839975823;0.012039145030
0.660000000000;0.780000000000;-0.000590064727;-0.003807892296;0.012393753378
0.660000000000;0.820000000000;-0.001072605943;-0.005836274667;0.012874612341
0.660000000000;0.860000000000;-0.001620033715;-0.007805682414;0.008512112619
0.660000000000;0.900000000000;-0.001753574952;-0.004805286126;0.000836619714
0.660000000000;0.940000000000;-0.001686963292;-0.003562655862;-0.001165565923
0.660000000000;0.980000000000;-0.001660329678;-0.002856632513;-0.000332920169
0.700000000000;0.020000000000;0.003163161864;0.000660063127;0.000087775175
0.700000000000;0.060000000000;0.003156139850;0.000591535516;0.000253434728
0.700000000000;0.100000000000;0.003142887086;0.000446210791;0.000385007110
0.700000000000;0.140000000000;0.003125339282;0.000206946990;0.000442614665
0.700000000000;0.180000000000;0.003107477913;-0.000152018471;0.000350444530
0.700000000000;0.220000000000;0.003097303719;-0.000657485452;-0.000044658724
0.700000000000;0.260000000000;0.003111050611;-0.001294826341;-0.001054761941
0.700000000000;0.300000000000;0.003181684674;-0.001811421242;-0.003253307353
0.700000000000;0.340000000000;0.003371315199;-0.000837353006;-0.007129594157
0.700000000000;0.380000000000;0.003752052207;0.008077947003;-0.002610139190
0.700000000000;0.420000000000;0.003580126334;0.010797642521;0.004131870460
0.700000000000;0.460000000000;0.003421502570;0.010592469856;0.005868259130
0.700000000000;0.500000000000;0.003110665604;0.010926729612;0.009198382736
0.700000000000;0.540000000000;0.002685631951;0.009307999898;0.011944080515
0.700000000000;0.580000000000;0.002155139163;0.007296727542;0.014681238045
0.700000000000;0.620000000000;0.001511132908;0.002621288926;0.015126634919
0.700000000000;0.660000000000;0.000945008369;-0.001150796563;0.012927910971
0.700000000000;0.700000000000;0.000476900030;-0.002223616240;0.011345826353
0.700000000000;0.740000000000;0.000037342261;-0.002849399863;0.011276815466
0.700000000000;0.780000000000;-0.000425245207;-0.004077905615;0.010786733413
0.700000000000;0.820000000000;-0.000825596412;-0.005994570464;0.010852193519
0.700000000000;0.860000000000;-0.001293420689;-0.007842782568;0.009004787631
0.700000000000;0.900000000000;-0.001545979423;-0.005100958360;0.002959508506
0.700000000000;0.940000000000;-0.001530181369;-0.003875377520;-0.000165398144
0.700000000000;0.980000000000;-0.001532747571;-0.003157475158;0.000032077523
0.740000000000;0.020000000000;0.003140270346;0.000513831185;0.000058456767
0.740000000000;0.060000000000;0.003135593805;0.000467012525;0.000163552146
0.740000000000;0.100000000000;0.003127186175;0.000373018284;0.000229695262
0.740000000000;0.140000000000;0.003117218184;0.000233838328;0.000218388878
0.740000000000;0.180000000000;0.003109715064;0.000061954337;0.000069694867
0.740000000000;0.220000000000;0.003111642595;-0.000098097463;-0.000308562677
0.740000000000;0.260000000000;0.003134400079;-0.000115165051;-0.001037508739
0.740000000000;0.300000000000;0.003194643294;0.000355654130;-0.002185699989
0.740000000000;0.340000000000;0.003309256078;0.002098888440;-0.003412730004
0.740000000000;0.380000000000;0.003467661694;0.006257101248;0.000666386602
0.740000000000;0.420000000000;0.003255945150;0.006856010876;0.004709452686
0.740000000000;0.460000000000;0.003090905479;0.007062231135;0.005991298719
0.740000000000;0.500000000000;0.002776641252;0.007015036924;0.008540281801
0.740000000000;0.540000000000;0.002407682935;0.005795790295;0.010345089956
0.740000000000;0.580000000000;0.001949034055;0.004243890422;0.012120177694
0.740000000000;0.620000000000;0.001438068720;0.001552835256;0.012230496365
0.740000000000;0.660000000000;0.000970594346;-0.000436289503;0.011088906817
0.740000000000;0.700000000000;0.000550956174;-0.001604014830;0.010296850370
0.740000000000;0.740000000000;0.000146846317;-0.002522852441;0.010184855655
0.740000000000;0.780000000000;-0.000263832278;-0.003761514280;0.009248582777
0.740000000000;0.820000000000;-0.000593040306;-0.005326387176;0.009109735388
0.740000000000;0.860000000000;-0.000992611109;-0.006807612107;0.009405724724
0.740000000000;0.900000000000;-0.001345498283;-0.004560497455;0.004804024762
0.740000000000;0.940000000000;-0.001376933090;-0.003431266717;0.000777917278
0.740000000000;0.980000000000;-0.001407731666;-0.002740415442;0.000384982193
0.780000000000;0.020000000000;0.003122055370;0.000414417903;0.000040956515
0.780000000000;0.060000000000;0.003118778848;0.000389665117;0.000112621827
0.780000000000;0.100000000000;0.003113045623;0.000345011490;0.000151832913
0.780000000000;0.140000000000;0.003106632215;0.000293433700;0.000131550718
0.780000000000;0.180000000000;0.003102521566;0.000264094955;0.000018508738
0.780000000000;0.220000000000;0.003105151516;0.000318306312;-0.000221778112
0.780000000000;0.260000000000;0.003120263815;0.000576609471;-0.000601010347
0.780000000000;0.300000000000;0.003153232344;0.001250314375;-0.001039253862
0.780000000000;0.340000000000;0.003203404124;0.002620151387;-0.001228147039
0.780000000000;0.380000000000;0.003251484107;0.004744840185;0.002146983246
0.780000000000;0.420000000000;0.003031645464;0.004851435870;0.004937000346
0.780000000000;0.460000000000;0.002856524079;0.005065476762;0.006027285178
0.780000000000;0.500000000000;0.002549462650;0.004838483861;0.007931941896
0.780000000000;0.540000000000;0.002221968728;0.003948478940;0.009172934013
0.780000000000;0.580000000000;0.001815627929;0.002825361934;0.010438283006
0.780000000000;0.620000000000;0.001386906087;0.001120365576;0.010446454994
0.780000000000;0.660000000000;0.000979911529;-0.000151351149;0.009771060885
0.780000000000;0.700000000000;0.000605221217;-0.001171047325;0.009259263416
0.780000000000;0.740000000000;0.000239170456;-0.002050064485;0.009119316017
0.780000000000;0.780000000000;-0.000124324065;-0.003098146637;0.007983198677
0.780000000000;0.820000000000;-0.000399485438;-0.004218082898;0.007806095692
0.780000000000;0.860000000000;-0.000748811720;-0.005221159793;0.009770677352
0.780000000000;0.900000000000;-0.001181139626;-0.003413516165;0.006335853897
0.780000000000;0.940000000000;-0.001255680032;-0.002333013716;0.001654683869
0.780000000000;0.980000000000;-0.001313514336;-0.001632504452;0.000722928797
0.820000000000;0.020000000000;0.003107116914;0.000339757406;0.000033703982
0.820000000000;0.060000000000;0.003104420596;0.000332218550;0.000094145734
0.820000000000;0.100000000000;0.003099585255;0.000323928860;0.000133463844
0.820000000000;0.140000000000;0.003093743488;0.000330790026;0.000137472343
0.820000000000;0.180000000000;0.003088587468;0.000382685471;0.000094567480
0.820000000000;0.220000000000;0.003086178090;0.000530618286;0.000003951839
0.820000000000;0.260000000000;0.003088271321;0.000852982248;-0.000105500676
0.820000000000;0.300000000000;0.003094618144;0.001448842511;-0.000142158074
0.820000000000;0.340000000000;0.003099643967;0.002386562548;0.000081795806
0.820000000000;0.380000000000;0.003088074479;0.003560410155;0.002897671085
0.820000000000;0.420000000000;0.002867830280;0.003545650253;0.005030089264
0.820000000000;0.460000000000;0.002685667338;0.003680261712;0.005978346711
0.820000000000;0.500000000000;0.002389562543;0.003408074336;0.007423283978
0.820000000000;0.540000000000;0.002091804620;0.002775758357;0.008331968029
0.820000000000;0.580000000000;0.001723005101;0.001972982964;0.009292064331
0.820000000000;0.620000000000;0.001348439473;0.000841320783;0.009253783282
0.820000000000;0.660000000000;0.000982702438;-0.000033151776;0.008797493915
0.820000000000;0.700000000000;0.000644639960;-0.000831776647;0.008398137035
0.820000000000;0.740000000000;0.000310851475;-0.001529918895;0.008257756343
0.820000000000;0.780000000000;-0.000015980547;-0.002292320988;0.007080564364
0.820000000000;0.820000000000;-0.000255593674;-0.002963289098;0.006986722233
0.820000000000;0.860000000000;-0.000574918326;-0.003458596156;0.010210291457
0.820000000000;0.900000000000;-0.001072416990;-0.001881859665;0.007692170839
0.820000000000;0.940000000000;-0.001190291993;-0.000682144865;0.002558928991
0.820000000000;0.980000000000;-0.001277131309;0.000175915802;0.001085491456
0.860000000000;0.020000000000;0.003094874777;0.000272635765;0.000033417659
0.860000000000;0.060000000000;0.003092201364;0.000275522817;0.000096793281
0.860000000000;0.100000000000;0.003087131315;0.000287695375;0.000150404389
0.860000000000;0.140000000000;0.003080169013;0.000323112074;0.000190307329
0.860000000000;0.180000000000;0.003071906728;0.000405238617;0.000218336998
0.860000000000;0.220000000000;0.003062702053;0.000568499114;0.000248518665
0.860000000000;0.260000000000;0.003052025235;0.000855858724;0.000317213877
0.860000000000;0.300000000000;0.003037324943;0.001305510872;0.000494326438
0.860000000000;0.340000000000;0.003012479120;0.001916846140;0.000883420606
0.860000000000;0.380000000000;0.002966651295;0.002596378807;0.003306070952
0.860000000000;0.420000000000;0.002747993444;0.002552697657;0.005056851903
0.860000000000;0.460000000000;0.002562103142;0.002618835691;0.005889709260
0.860000000000;0.500000000000;0.002276816703;0.002373137440;0.007027438540
0.860000000000;0.540000000000;0.001999908059;0.001936383728;0.007737842641
0.860000000000;0.580000000000;0.001657789292;0.001374012598;0.008503845431
0.860000000000;0.620000000000;0.001319600425;0.000620282388;0.008440320254
0.860000000000;0.660000000000;0.000982563672;0.000020732448;0.008097963456
0.860000000000;0.700000000000;0.000671763348;-0.000551208382;0.007762496297
0.860000000000;0.740000000000;0.000361563968;-0.001033063798;0.007658771676
0.860000000000;0.780000000000;0.000059061614;-0.001499412695;0.006549828475
0.860000000000;0.820000000000;-0.000162422310;-0.001770712399;0.006639820524
0.860000000000;0.860000000000;-0.000472124028;-0.001775944727;0.010852106784
0.860000000000;0.900000000000;-0.001030590853;-0.000180788267;0.009112305188
0.860000000000;0.940000000000;-0.001201108443;0.001440202362;0.003712459336
0.860000000000;0.980000000000;-0.001327587600;0.002842396722;0.001580989464
0.900000000000;0.020000000000;0.003085306053;0.000202627071;0.000036591034
0.900000000000;0.060000000000;0.003082378770;0.000209541580;0.000109205343
0.900000000000;0.100000000000;0.003076569625;0.000228217747;0.000181053101
0.900000000000;0.140000000000;0.003067894522;0.000268724276;0.000255015586
0.900000000000;0.180000000000;0.003056168379;0.000346657811;0.000339954520
0.900000000000;0.220000000000;0.003040698161;0.000482280828;0.000454571946
0.900000000000;0.260000000000;0.003019802623;0.000696442662;0.000631511082
0.900000000000;0.300000000000;0.002990177274;0.001000496112;0.000918829342
0.900000000000;0.340000000000;0.002946296276;0.001378932331;0.001372663742
0.900000000000;0.380000000000;0.002880364175;0.001771572175;0.003533522602
0.900000000000;0.420000000000;0.002663614467;0.001728331739;0.005052546147
0.900000000000;0.460000000000;0.002476160483;0.001753785131;0.005798786494
0.900000000000;0.500000000000;0.002199711548;0.001567109963;0.006740832016
0.900000000000;0.540000000000;0.001936893922;0.001281929281;0.007332843187
0.900000000000;0.580000000000;0.001613084093;0.000909784421;0.007975962990
0.900000000000;0.620000000000;0.001298816882;0.000429508264;0.007900503132
0.900000000000;0.660000000000;0.000981043842;0.000041895800;0.007626003145
0.900000000000;0.700000000000;0.000688736631;-0.000327394332;0.007344340789
0.900000000000;0.740000000000;0.000393496579;-0.000613656386;0.007309552031
0.900000000000;0.780000000000;0.000103972468;-0.000833823144;0.006342915763
0.900000000000;0.820000000000;-0.000113936682;-0.000806141771;0.006710190200
0.900000000000;0.860000000000;-0.000432842748;-0.000409116398;0.011800215588
0.900000000000;0.900000000000;-0.001057953929;0.001380211140;0.010908317928
0.900000000000;0.940000000000;-0.001305508182;0.003873477002;0.005582113980
0.900000000000;0.980000000000;-0.001504523047;0.006911072001;0.002487685816
0.940000000000;0.020000000000;0.003078664611;0.000125703869;0.000040332168
0.940000000000;0.060000000000;0.003075438038;0.000131798685;0.000122383957
0.940000000000;0.100000000000;0.003068873895;0.000146909757;0.000209587085
0.940000000000;0.140000000000;0.003058671071;0.000176909473;0.000308747393
0.940000000000;0.180000000000;0.003044174103;0.000230387523;0.000431893550
0.940000000000;0.220000000000;0.003024119587;0.000317523723;0.000598303517
0.940000000000;0.260000000000;0.002996309822;0.000447134986;0.000835429162
0.940000000000;0.300000000000;0.002957285254;0.000621098583;0.001176816107
0.940000000000;0.340000000000;0.002902164534;0.000826814898;0.001654496669
0.940000000000;0.380000000000;0.002824925521;0.001032060554;0.003655470360
0.940000000000;0.420000000000;0.002609726905;0.001002022791;0.005039064860
0.940000000000;0.460000000000;0.002421800332;0.001008855461;0.005728487484
0.940000000000;0.500000000000;0.002151447906;0.000894074486;0.006555582689
0.940000000000;0.540000000000;0.001897353717;0.000732867837;0.007080517100
0.940000000000;0.580000000000;0.001585006538;0.000520616635;0.007651424415
0.940000000000;0.620000000000;0.001285239764;0.000253926445;0.007572431633
0.940000000000;0.660000000000;0.000979212007;0.000038069561;0.007341060859
0.940000000000;0.700000000000;0.000697954895;-0.000163142339;0.007106944111
0.940000000000;0.740000000000;0.000410656479;-0.000301595937;0.007152342864
0.940000000000;0.780000000000;0.000125767466;-0.000366096934;0.006357343090
0.940000000000;0.820000000000;-0.000097930969;-0.000205107974;0.007064527270
0.940000000000;0.860000000000;-0.000439394716;0.000353234461;0.013038459695
0.940000000000;0.900000000000;-0.001141007744;0.002180785570;0.013394898589
0.940000000000;0.940000000000;-0.001510986603;0.005822991464;0.009243320196
0.940000000000;0.980000000000;-0.001880473360;0.014017342278;0.004618584462
0.980000000000;0.020000000000;0.003075249743;0.000042685850;0.000042685850
0.980000000000;0.060000000000;0.003071834875;0.000045039532;0.000130411232
0.980000000000;0.100000000000;0.003064816845;0.000050713125;0.000226163889
0.980000000000;0.140000000000;0.003053741764;0.000061616336;0.000338493351
0.980000000000;0.180000000000;0.003037737377;0.000080459083;0.000480568770
0.980000000000;0.220000000000;0.003015296263;0.000110291556;0.000671319409
0.980000000000;0.260000000000;0.002984031824;0.000153474976;0.000935085942
0.980000000000;0.300000000000;0.002940489387;0.000209948336;0.001298509254
0.980000000000;0.340000000000;0.002880151084;0.000275168123;0.001783625713
0.980000000000;0.380000000000;0.002797799330;0.000339077381;0.003708730496
0.980000000000;0.420000000000;0.002583452644;0.000328428259;0.005029341054
0.980000000000;0.460000000000;0.002395452046;0.000329353575;0.005690838188
0.980000000000;0.500000000000;0.002128185589;0.000290778963;0.006464844392
0.980000000000;0.540000000000;0.001878264495;0.000238615278;0.006959385336
0.980000000000;0.580000000000;0.001571434762;0.000169647200;0.007497021597
0.980000000000;0.620000000000;0.001278502767;0.000084212460;0.007417956058
0.980000000000;0.660000000000;0.000977998277;0.000015171625;0.007208934361
0.980000000000;0.700000000000;0.000701788018;-0.000047914038;0.007004675291
0.980000000000;0.740000000000;0.000417624254;-0.000087097195;0.007106597436
0.980000000000;0.780000000000;0.000133260223;-0.000093659466;0.006439403726
0.980000000000;0.820000000000;-0.000097528044;-0.000005036559;0.007429521595
0.980000000000;0.860000000000;-0.000461101505;0.000271334860;0.014186109133
0.980000000000;0.900000000000;-0.001232416774;0.001142612878;0.016378074931
0.980000000000;0.940000000000;-0.001771347499;0.003254511202;0.017418670688
0.980000000000;0.980000000000;-0.002625910429;0.009317963370;0.010682036630
